[ 7.20074342e-04 -3.93704139e-03  6.01846771e-03 -2.84897513e-03
  2.15558126e-03 -5.00686979e-03  7.54716294e-03 -4.27704304e-03
  2.77729682e-03  2.53341021e-03  7.07283150e-03 -4.37747734e-03
 -3.43127572e-03 -4.84266318e-03  4.76396317e-03 -3.63389309e-03
  3.78811359e-03 -6.42887549e-04  5.61623415e-03 -4.75846604e-03
  4.22570483e-05 -4.18338677e-05 -6.59740530e-03  6.82831788e-03
 -1.63899874e-03  5.01878466e-03  1.15316343e-05  3.97750549e-03
  1.72620849e-03  6.88120024e-03 -6.61049364e-03  6.63701957e-03
  6.80617616e-03  8.12261307e-04  3.42737418e-03  2.97627319e-03
  3.25595075e-03 -2.33920594e-03  2.27091904e-03  5.84615103e-04
  3.72497248e-03  6.66724984e-03 -6.10762369e-03  6.01625106e-05
 -6.85075903e-03 -1.22172723e-03 -7.12056039e-03  2.51859101e-03
 -1.19133363e-03 -4.67678066e-04  4.99471510e-03 -6.33132877e-03
  8.88137030e-04 -1.86644704e-03 -2.85358587e-03 -5.69691975e-03
 -6.22020150e-03  6.42499328e-03 -5.86936809e-03  3.84027883e-03
 -2.91965832e-03 -9.57644952e-04  2.17365404e-03 -6.74572680e-03
 -4.39265510e-03 -6.09786715e-03 -7.34424312e-03 -3.66864423e-03
 -2.42922804e-03  3.80928832e-04 -5.27941214e-04 -6.08865079e-03
 -2.99833459e-03 -2.24341615e-03 -4.97630006e-03 -5.02813701e-03
 -1.97849842e-03 -6.18373882e-03 -6.50193309e-03 -5.91471372e-03
  2.75443122e-03 -5.94216539e-03 -2.84903101e-03  5.24808001e-03
  5.79554774e-03 -4.98072850e-03  5.39888768e-03 -6.12212950e-03
  1.03863458e-04  5.25775040e-03 -2.21061334e-03  7.16709299e-03
 -2.91609787e-04  3.66432220e-03  5.52819576e-03 -6.68398058e-03
 -4.83269384e-03 -5.83000528e-03 -9.10658389e-04 -5.49227651e-03
 -1.05116969e-05 -6.26099249e-03  4.57864749e-04 -2.90663127e-04
  5.08919312e-03 -6.99842535e-03 -2.48847669e-03  4.63089533e-03
  7.24254595e-03 -1.43557275e-03  5.90812124e-04 -4.83975327e-03
  6.32874959e-04 -6.31270511e-03 -5.98508306e-03  1.12801802e-03
 -3.27550079e-05  4.44843341e-03 -7.59799592e-03  1.28859060e-03
  1.19946618e-03 -4.14640689e-03  1.03575745e-04  4.67184000e-03
 -5.13119437e-03  2.54263781e-04  2.98961671e-03  1.35859707e-03]
[-1.4336659e-03 -3.3852020e-03 -5.0050770e-03 -2.9020477e-03
  3.3366333e-03 -2.9855152e-03  6.5696305e-03  1.2480047e-03
 -5.6620557e-03  7.3893699e-03  6.0266731e-03  4.2939610e-03
 -5.3511448e-03  4.5671212e-03  3.1271530e-03  4.0191831e-03
  3.3461514e-03  1.5546943e-03 -2.5204665e-03  6.5046009e-03
  7.5775813e-03  2.9805452e-03 -2.1855615e-03 -7.9586016e-06
  9.5343526e-04 -6.6238944e-03 -6.4622518e-03 -1.4451989e-04
  9.7237027e-04 -4.5021526e-03 -3.7534363e-03 -5.7149590e-03
  6.5445988e-03  8.9873807e-05 -3.5483262e-03  4.4534523e-03
  7.2208955e-03 -3.2197810e-03  6.2414575e-03  4.2050858e-03
  4.5706481e-03  4.4731834e-04  6.3916296e-03 -5.5286782e-03
 -6.4700977e-03  7.2804177e-03 -1.8132469e-04 -1.5260131e-03
  3.6275433e-03 -3.1573919e-03  2.1347159e-03  5.4405443e-03
  4.7367164e-03 -5.8648656e-03  7.3736794e-03  3.6630987e-03
  3.1109578e-03 -4.9034548e-03  6.5887826e-03 -1.6414899e-03
  6.9219372e-03 -4.1983929e-03 -6.3780593e-03  5.3079119e-03
  1.3365439e-03 -1.7394322e-03  7.4530188e-03  7.4438974e-03
 -7.6414719e-03  1.9489884e-03  4.8229396e-03  3.0643838e-03
  1.5629645e-03  2.8611964e-04  5.4942636e-04 -3.0232989e-03
 -5.5456846e-03 -1.6400723e-03  3.0472078e-03  6.8998742e-03
  7.2445218e-03 -4.6892660e-03 -7.3413970e-03  7.6811747e-03
  2.6906373e-03  4.0563014e-03  4.9633151e-03 -2.2331723e-03
  5.7275873e-03  2.2529925e-03  2.2387162e-03 -1.8716018e-03
 -2.4554746e-03 -1.8476850e-03  3.3899853e-03  6.7469518e-05
 -7.5501492e-03 -7.6520140e-03 -4.8128460e-03 -9.2770846e-05
  1.5001931e-03  7.3817056e-03  4.4215224e-03 -3.3479109e-03
  2.2871696e-04  3.8414239e-03  6.0128113e-03 -9.0234989e-04
  3.3985525e-03 -4.5559742e-03 -6.3998945e-04  6.3040792e-03
 -1.8450050e-03 -7.5221877e-03  4.5053563e-03 -3.0429426e-03
 -9.5625588e-04  7.8583900e-03 -1.7630648e-03 -3.7185117e-03
 -4.1853003e-03  5.4321853e-03 -4.4284980e-03  1.6255355e-03
 -4.1023376e-03  4.8042010e-03  3.3788902e-03  2.0534871e-03]
[ 7.7291885e-03 -2.2209089e-03  1.9368582e-03 -2.1711569e-03
  6.7426423e-03 -2.4656657e-04  4.4166124e-03  7.2196424e-03
  3.2017203e-03 -5.5639008e-03 -1.4841390e-03  7.5827877e-04
  1.5801758e-03  2.3122928e-03  7.3729982e-03  3.4291195e-03
  7.7515026e-03 -6.7539876e-03 -4.5161787e-03  1.5418011e-03
  2.8864674e-03 -7.6131668e-04 -5.3788754e-03 -2.5101609e-03
 -6.6603222e-03  7.3478501e-03  2.8957766e-03 -6.1408821e-03
  2.4834636e-03  3.2492063e-03 -4.4330130e-03 -4.6149110e-03
  8.2437671e-04  6.9927834e-03 -7.5456719e-03  1.8292519e-06
 -5.3410409e-03 -7.3917216e-04  2.3869791e-03 -3.9327946e-03
 -2.1828664e-03  5.4750947e-04 -4.9832668e-03  5.6793066e-03
  3.4147222e-03 -6.6809054e-03 -1.6918011e-03  2.4874769e-03
 -6.4978064e-03 -5.5021653e-03 -6.6106045e-03 -4.2922674e-03
  6.9195968e-03  5.5299979e-03  2.2750851e-03 -6.6861873e-03
  4.4990946e-03  3.6013171e-03  8.2412414e-05 -6.8930378e-03
 -1.4631068e-03  1.4437966e-04 -6.0676257e-03  1.9173246e-03
  3.8273164e-04 -5.5262512e-03 -6.4525320e-03  4.7378954e-03
 -6.5209004e-03 -4.3567698e-03  4.3694107e-03 -3.5808072e-04
 -2.3940115e-03 -4.0793917e-03 -9.3235704e-04  4.1119172e-03
 -4.6303407e-03 -3.8897805e-03 -3.8720511e-03 -3.7149247e-03
 -6.2342063e-03 -7.6255645e-03  5.9305239e-03  6.2680352e-03
 -3.3497561e-03 -7.2821584e-03 -1.4363304e-03 -2.9063115e-03
  7.1136141e-03  2.3169189e-03 -4.6610590e-03 -2.6322876e-03
 -7.7388757e-03  1.5173272e-03 -3.0906606e-03 -2.1139984e-03
  4.0173712e-03  5.9024710e-03  3.4227541e-03 -5.3175907e-03
  5.2103209e-03 -7.5167678e-03 -5.4389918e-03 -6.2477645e-03
 -1.7570793e-03  3.5751500e-04 -2.9427442e-03  1.4466736e-03
  7.1944711e-03  5.2060043e-03 -8.2800398e-04  7.0826258e-03
  1.2099070e-03 -1.5298062e-03 -5.1526092e-03  5.0706035e-03
 -7.0738820e-03 -1.4506645e-03  6.0114861e-03 -2.0225432e-03
  1.2474702e-03 -5.7459418e-03  3.9036637e-03  5.7420912e-03
 -7.2631715e-03 -2.5557936e-03  6.1530690e-03  2.3021763e-03]
[-0.00699628 -0.00141109 -0.00652328  0.00030906  0.00152253 -0.00195303
 -0.00502744 -0.00023793 -0.00086285  0.00273255  0.00636878  0.00456863
  0.00658772 -0.00700966  0.00737284 -0.00185999  0.00680634  0.00187765
  0.00279328 -0.00749072 -0.00738484  0.00702435 -0.002249    0.0022073
  0.00501862 -0.00023426  0.00758334 -0.00079999 -0.00755127 -0.00551814
 -0.00084075 -0.00676656  0.00581656  0.00282832 -0.00684087  0.00662222
  0.00699093  0.00455978  0.00540611 -0.00747546  0.00038064 -0.00718805
 -0.00288026  0.00018776 -0.00022601  0.00114484  0.00254923  0.00166715
  0.00415945  0.00589204 -0.00460174  0.00621612  0.00468696  0.00764973
  0.00362085 -0.0026001  -0.00292424 -0.00050275 -0.00130237  0.00772495
  0.0008908   0.00313112  0.00267255 -0.00692185  0.00525007  0.00638123
 -0.00129537  0.00183467 -0.00505538 -0.0047823   0.00642592 -0.0023677
  0.00526151  0.00119651 -0.00155246  0.00237916 -0.00313963 -0.00139444
  0.00106653  0.00382285 -0.00109942  0.00050407 -0.00619374  0.00743736
 -0.00683633  0.00552804  0.00307085 -0.00548322 -0.00413242 -0.00617995
 -0.00400646  0.00551869  0.00752369  0.00168365  0.00052003  0.00743848
 -0.00390324 -0.00103194  0.00256365 -0.00501077 -0.00759022 -0.007234
  0.00705423  0.00419204 -0.00373324 -0.00652167  0.00100896  0.00225356
 -0.00096295  0.00098522 -0.00337969  0.00372868  0.00115129  0.00694001
 -0.00780514 -0.00411733 -0.00710601 -0.00025056 -0.00614002  0.00393703
 -0.00500683 -0.00466071  0.00396512 -0.00638216  0.001136   -0.00564984
  0.00769201  0.00675705]
[ 0.00512899 -0.00282143  0.0053105   0.00566005 -0.0016673  -0.00145733
  0.00282441 -0.0054943   0.00760425 -0.0076401  -0.00507283  0.00217491
  0.00502363 -0.00419331  0.00214939  0.00712474 -0.00532188 -0.00476341
 -0.00389944 -0.00287345  0.00145019  0.00756733  0.00503417  0.00031081
  0.00193108  0.00659451  0.00712999  0.00439953  0.00464534 -0.00595613
 -0.00299536 -0.00443674  0.00483144 -0.00176329 -0.00686148  0.0059516
  0.00656707 -0.00259431  0.00712564 -0.00057931 -0.00283386 -0.00029722
  0.00014886 -0.00274126  0.00219781  0.00447862  0.0053645  -0.00695425
 -0.00171214 -0.00427922  0.00587412  0.00508056 -0.00340555  0.00181943
 -0.00464733  0.0001841   0.00739311 -0.00203998 -0.00405435 -0.00577762
 -0.00227299 -0.00067613  0.00275633  0.00760935 -0.00264605  0.0014831
  0.00756451  0.00119943  0.00077157  0.00765789  0.00726394  0.00602538
 -0.00482079  0.00779678  0.00456781  0.0070882  -0.00155743  0.00261756
  0.00533623 -0.0030405   0.00519015  0.00200193  0.00727555 -0.00236674
 -0.00242834  0.00485692 -0.00708748 -0.00567097 -0.00507757 -0.00058165
 -0.00184665  0.00532224  0.00721516 -0.00071211  0.00110766  0.00157788
 -0.00158197 -0.00628152  0.00581444 -0.00335687  0.00357096  0.00710214
  0.002381    0.00245361  0.00317437 -0.00211333  0.00298845  0.00026537
  0.00439691  0.0042918   0.00142778  0.00448836 -0.0070085   0.00512519
  0.00720563 -0.00328563  0.00125812 -0.0040831   0.00082693  0.00216477
  0.0063732   0.00042358  0.00199982  0.00101035  0.006564   -0.00445922
 -0.00489478 -0.00283229]
[ 0.00189725  0.00555478  0.00464351 -0.00432345 -0.00405794 -0.00527679
 -0.00605308  0.00654795 -0.00155554 -0.0053444  -0.00319088  0.00400301
 -0.00224591 -0.00290793  0.00124591 -0.00219628 -0.00121773  0.00086971
 -0.00237134  0.00664012  0.00312788 -0.00776483  0.00493102 -0.0052814
  0.00059473  0.00342921 -0.00402985 -0.00162086  0.00630885 -0.00334355
 -0.00602927  0.00725429 -0.00164886 -0.00370327  0.00668111  0.00334465
  0.0034238   0.00722989 -0.00658454  0.00409752  0.00155241  0.00333674
  0.00128613  0.00344775  0.00349075  0.00477752 -0.00253952 -0.00353415
 -0.00030692  0.00204717 -0.00256613  0.00475314  0.00324968  0.006064
  0.00204158  0.00634741 -0.00107003  0.00628978  0.00287831 -0.00623113
 -0.00306088 -0.00193242  0.0038022  -0.00070609 -0.00218558  0.00609911
  0.00729539 -0.00123862 -0.00401246 -0.00367386 -0.00377675 -0.00745942
  0.00105806 -0.00336526  0.00199365  0.00435314 -0.0031303  -0.00749523
  0.00118107 -0.00522246  0.00194622 -0.00296623  0.00555226  0.00055084
  0.0027808  -0.00213581 -0.00127163  0.00594508  0.00110254 -0.00452911
 -0.00610966  0.0009345   0.00502718  0.00434049 -0.00695946  0.00671644
  0.00309798  0.00574424  0.00761045 -0.00567356 -0.00713534  0.00456615
  0.00738216  0.0027555   0.00556188 -0.00126078  0.00620527 -0.00739922
 -0.00625911 -0.00520678 -0.00314337  0.00385345 -0.00298468 -0.00647158
  0.00654855 -0.00289965  0.00674503 -0.00376119  0.00306907  0.0038548
  0.00184898 -0.00223243  0.00226116 -0.00649405 -0.00213967 -0.00199973
  0.00563478 -0.00269001]
[ 5.1482799e-03  3.5236438e-03 -5.5078794e-03 -2.5041433e-04
  6.4795843e-04  4.4846949e-03 -1.3424713e-03 -2.1893932e-03
  1.3667311e-03  6.6256925e-04  9.3488686e-04 -2.0587901e-03
 -4.6773427e-03  5.7250732e-03  5.9235226e-03  6.4819041e-03
 -6.7136227e-03  2.0602536e-03 -2.7834689e-03  7.5122821e-03
  2.2739577e-03  3.6264707e-03  1.8689346e-03  5.1607699e-03
 -4.4847378e-03  6.1664451e-03 -1.8876299e-03 -3.5650479e-03
 -1.6087240e-03  7.6010851e-03 -5.3601027e-03 -1.7082144e-03
  5.4696482e-03 -4.3274540e-05 -4.9183308e-03 -4.9945172e-03
  6.9875102e-03  5.0173393e-03  3.7279532e-03 -2.5486478e-03
 -7.2441711e-03  2.9606954e-03  5.5944654e-03 -4.4057346e-03
 -6.1478042e-03 -2.3248480e-03 -3.8590720e-03 -1.8071287e-03
 -1.5177501e-03 -4.1111382e-03  7.3801968e-03 -7.2672130e-03
  3.5148605e-03  4.2217416e-03 -1.1002943e-03  7.0349956e-03
  7.7220662e-03 -4.2791027e-03 -4.7076163e-03 -5.2669067e-03
 -6.1683371e-03 -2.3788027e-03 -4.3730312e-03 -6.5217614e-03
  6.1292591e-04  2.3379188e-03  5.0136456e-03 -2.0523863e-03
 -3.4765261e-03  9.7720197e-04  3.0553454e-04  6.3467212e-03
  1.3957237e-04  5.6432211e-03 -6.4542065e-03  6.5859840e-03
 -1.4733669e-03  6.7978990e-03 -5.9551140e-03  1.4008419e-03
  8.2305144e-04  3.6446629e-05 -3.9833849e-03 -7.2233551e-03
 -5.6734732e-03 -6.2127518e-03  1.4951162e-03  3.7222303e-04
 -1.4200985e-03  5.5661877e-03 -1.9327464e-03 -1.0569419e-03
 -6.9553233e-03 -7.7553033e-03  6.9972924e-03 -4.4953763e-03
 -4.9792505e-03  4.0571913e-03  5.2111428e-03 -5.3326031e-03
  7.5066683e-04 -4.6911007e-03  1.2872209e-03 -3.3498968e-03
 -2.6832297e-03  1.7031314e-03  6.7663416e-03  5.2604238e-03
 -7.5580203e-03 -4.3936446e-03  6.1540436e-03  1.5497023e-03
 -3.3240616e-03  4.6962340e-04  7.4381209e-03 -8.5679872e-04
 -7.3618405e-03  1.2608161e-03  4.8705284e-03  4.9055209e-03
  3.1981093e-03 -4.4158390e-03 -2.8879775e-04 -4.6939553e-05
  3.5766829e-03 -6.2770960e-03 -6.2687113e-03  2.0857403e-04]
[-1.7147083e-03  7.0974696e-03  4.2049401e-03 -6.6289511e-03
 -1.2934729e-03 -6.9048610e-03 -1.2827180e-03  4.4184513e-03
 -5.7955459e-03  4.3047406e-03  4.7578588e-03 -2.9456876e-03
 -7.5436048e-03 -1.9678269e-03 -1.9945502e-03  2.9363558e-03
  6.9692843e-03  1.5592985e-03 -1.6496386e-03  2.3199730e-03
 -5.3154062e-03 -1.0104310e-03 -1.1587776e-03  7.5038001e-03
 -4.5387223e-03 -5.5001900e-03  1.8446464e-03  2.0584129e-03
 -5.5827908e-03 -4.5919959e-03 -9.2423707e-04 -2.5803316e-03
 -7.0122890e-03 -3.1636879e-03 -2.3169965e-03  5.0802063e-03
  7.6085702e-04  1.2490712e-03  2.1745265e-04 -2.6438590e-03
  2.4237260e-03  5.5598840e-04  4.6740919e-03 -6.0564093e-04
 -6.9541149e-03  6.8965182e-04  7.7529829e-03 -4.1009169e-03
 -4.0753651e-03 -1.9677747e-03  6.7058187e-03 -6.4972229e-04
  7.3580984e-03 -6.5125860e-03  7.0445631e-03 -7.5883772e-03
  7.1871560e-03  1.4630575e-03  2.0784754e-03 -4.5770332e-03
  6.5931138e-03  4.7215857e-03 -4.2868275e-03 -7.4209534e-03
  5.4440629e-03 -4.3249466e-03 -7.2822832e-03  2.0291843e-03
 -3.8890708e-03 -5.7500396e-03  7.6019987e-03 -1.2389254e-03
 -1.1804793e-03 -3.1519569e-03 -3.4366045e-03 -3.6167074e-03
 -4.3716524e-03 -4.1420348e-03 -6.2674247e-03  7.4365977e-03
  4.9992688e-03 -2.8177295e-03  1.9362830e-03 -5.9706997e-03
  5.8774222e-03  6.4880736e-03  6.1674230e-04 -5.3382739e-03
 -2.3107249e-03  3.6984123e-03 -2.2963937e-03  2.4816189e-03
  7.3505584e-03  3.4008641e-03 -4.0199067e-03  4.2711664e-03
 -2.2493694e-03 -4.9952660e-03  5.4748449e-03 -7.2296355e-03
 -8.8332593e-04 -1.0822974e-03 -6.5749586e-03 -8.6124986e-04
  4.3728575e-03 -4.1153543e-03 -5.4891687e-03  4.8439596e-03
 -2.6769061e-03 -6.1090291e-03  2.2919476e-04 -3.8908795e-05
  5.8913324e-03  4.4476613e-04  6.1581712e-03 -7.6662358e-03
  3.1509902e-03  4.8578978e-03  8.0425292e-04 -2.2159461e-03
  8.0204196e-04 -6.5556355e-04 -6.3345861e-03 -5.2995887e-03
  9.3762018e-04 -1.5764646e-03  7.4604824e-03 -7.4174069e-04]
[ 5.7076351e-03 -4.5303777e-03  6.5427343e-03 -5.6098937e-03
  2.6472430e-03  7.4513643e-03 -6.0475776e-03 -7.6960283e-03
 -3.4057205e-03 -2.0903628e-03 -1.2278647e-04 -6.9290651e-03
 -6.7633414e-03  2.1799230e-03 -6.4369594e-03 -7.1553118e-03
 -1.7963846e-03 -6.6924156e-03 -5.5802581e-03 -6.6013043e-03
 -1.3620648e-04 -3.5399960e-03  5.2533136e-03  1.2118965e-03
 -2.6156649e-03  4.7879387e-03 -4.7465567e-03 -3.5768114e-03
 -5.6315777e-03 -3.4271327e-03 -1.5259841e-03  5.1140869e-03
 -2.1307857e-03  3.8292995e-03  5.3594033e-03 -5.8510536e-03
  3.6435854e-03  4.7574872e-03 -2.2466283e-03  5.1761996e-03
  4.7460222e-03 -4.9440609e-03 -5.3534149e-03  1.9360775e-03
 -1.2875031e-03 -4.7284556e-03  7.3697139e-03 -3.9594774e-03
 -5.0972328e-03 -1.7540351e-05 -2.1334409e-03  3.3575282e-04
 -2.7431541e-03 -2.9765270e-04 -5.0331024e-04  6.4414059e-04
  6.4108907e-03 -4.5459475e-03 -1.3472876e-03  4.4318568e-03
  6.4320657e-03 -3.4764307e-03  7.0120920e-03  6.4318203e-03
 -3.4473028e-03  1.7804303e-04  3.3519089e-03 -3.0234847e-03
 -4.3158256e-03 -5.0977971e-03 -5.0345185e-04 -1.8232514e-04
  3.4569425e-03 -2.0330881e-03 -1.3396831e-04  1.8882348e-03
  3.8476163e-03 -1.5327401e-05 -4.9953591e-03 -7.2106370e-03
 -2.8911718e-06  5.1805880e-03  1.1865665e-03 -6.9366498e-03
 -6.2008863e-03  5.1262062e-03 -2.8625417e-03  4.8469175e-03
 -5.1962985e-03  6.7055114e-03 -5.0791032e-03  2.5294116e-03
 -8.5832470e-04 -5.2990564e-03 -2.4830631e-03 -9.2747150e-04
 -4.3697245e-03 -1.0830234e-03 -5.9032668e-03  2.0953657e-03
  6.9924109e-03 -1.8533916e-03 -7.0632965e-04  2.7671803e-03
  6.8039382e-03 -4.6913060e-03 -5.3826487e-03 -2.2938785e-03
  7.1804947e-03  6.4240978e-04 -6.7948271e-03 -1.2088270e-03
  7.4137654e-03 -5.8590788e-03 -4.2150109e-03  7.3129395e-03
 -6.9922456e-03  3.0915434e-03  5.3712935e-04  5.2091735e-03
  6.4593484e-03 -2.2691523e-03 -3.0757627e-03  6.9207847e-03
  1.6372667e-03  4.8845867e-03 -7.4252975e-03  7.5092730e-03]
[ 5.0118738e-03 -7.0009460e-03 -5.7565677e-03 -1.3696190e-03
  1.3369357e-03 -8.0006663e-04 -4.0697018e-03  5.1325308e-03
  6.8630865e-03 -5.7834024e-03  7.6516876e-03  5.7553868e-03
 -5.8265286e-03 -1.4966548e-03  3.3240435e-03  5.5187549e-03
 -2.8516790e-03 -5.4461565e-03  3.7032198e-03 -7.0546898e-03
 -4.5800768e-03 -1.0066050e-03  4.2772745e-03 -4.4372496e-03
  3.7429824e-03 -3.4167510e-04  2.0878343e-03  4.9919626e-03
  1.1191040e-03  6.0176081e-03 -2.4407696e-04 -6.4527253e-03
  7.1706767e-03 -3.7906743e-03  3.6844593e-03 -3.0418774e-03
 -5.7292329e-03 -5.0871437e-03  3.6528027e-03 -5.1292364e-04
  1.1508260e-03 -6.9862274e-03 -4.0157251e-03 -4.7303461e-03
  6.5746675e-03 -6.8009603e-03  3.9243107e-03 -6.7907287e-04
  1.4176381e-04  6.8757031e-03 -2.7987985e-03 -5.4241307e-03
  6.0509559e-04  6.0516801e-03  7.1132719e-03 -2.8801877e-03
  2.1275156e-03  3.8597931e-03 -4.1290112e-03  5.3496915e-03
 -5.0380998e-03  1.6489412e-03  3.5894874e-03  3.4323807e-03
 -3.6526318e-03  2.0630327e-03  5.7119960e-03  6.7255860e-03
 -7.4324552e-03  4.3571820e-03  3.8809229e-03 -1.2508610e-03
  7.1837706e-03 -3.2538320e-03 -1.3709884e-03 -5.3612906e-03
 -2.9657132e-03  1.9397221e-04 -2.5544646e-03 -4.2225607e-03
  5.1249457e-03 -4.1449498e-03 -4.9479483e-03  5.9608077e-03
  7.5464672e-03  3.1218641e-03  1.6737067e-05  6.2058930e-04
 -7.4642012e-04  5.3590583e-03 -4.8835524e-03  3.9418915e-04
  3.3549040e-03 -1.6511928e-03  6.9035642e-04  2.9007245e-03
  7.6002935e-03  1.7085946e-03  7.4224509e-03 -4.5555485e-03
  3.7664548e-03 -2.8360290e-03 -3.3476527e-03  9.4192091e-04
 -3.2223873e-03 -4.3941340e-03  2.4532953e-03  6.5175048e-03
 -5.1115588e-03 -7.1131480e-03 -2.6028622e-03  5.8899703e-03
 -7.5621335e-03  7.4944557e-03 -3.3006060e-04  1.7847368e-03
 -1.4454582e-03 -4.5101163e-03  2.4208797e-03  4.8456099e-03
 -5.5093160e-03 -9.1763848e-04  1.2044329e-03  3.3237112e-03
  5.5790446e-03 -2.7708213e-03  5.6908224e-03 -4.3500294e-03]
[-5.1162760e-03  3.3655597e-03 -2.6927766e-04 -2.7533416e-03
  5.3242859e-03  2.9009690e-03 -3.0264712e-03  7.0003676e-04
  7.1475054e-03  6.0576228e-03  5.0625671e-03  3.6101202e-03
  1.8505509e-03 -1.4191181e-03 -5.0303168e-03 -2.9721792e-04
 -1.1898126e-03 -3.9087181e-04 -4.9697277e-03  5.7550310e-03
 -5.0171330e-03 -5.6355470e-03 -2.0660064e-03 -1.1862410e-03
 -5.9644803e-03  5.3758745e-04 -4.2337999e-03 -9.5427217e-04
 -5.7624094e-03  1.4952184e-03  2.4580779e-03  4.7213012e-05
 -4.1999561e-03 -1.3633538e-03  5.5061905e-03  2.8944293e-03
 -6.8483804e-03 -2.7142351e-03  1.8770545e-03  1.6612528e-03
 -7.4548852e-03  3.6759945e-03 -6.8295063e-03 -5.8394093e-03
  2.6819366e-03 -2.7235523e-03  2.7191914e-03  7.0116296e-03
 -2.7544235e-03  7.3797400e-03  1.3095572e-03  7.6844962e-03
  4.4387397e-03 -7.1257073e-03 -2.5514942e-03  5.1020253e-03
  4.3934733e-03  6.7509590e-03  5.3399806e-03  6.3772276e-03
 -7.6420568e-03  3.3576181e-03 -3.9593549e-03  2.6892687e-03
  4.7662091e-03  3.3768301e-03  5.8807987e-03  1.2037017e-03
 -9.3793921e-04  4.5092758e-03 -4.3941266e-03  1.0567889e-04
  7.3513547e-03 -4.3936926e-03  2.9987779e-03 -6.3957060e-03
  7.7083078e-03  6.3841594e-03  9.4475958e-04  3.9850622e-03
  1.0709190e-03 -5.0615082e-03 -1.0596799e-03  5.1017804e-03
 -3.6017282e-03 -3.0981323e-03  3.9372714e-03  2.0689401e-03
 -1.4575898e-03 -2.1465109e-03  4.7063753e-03 -4.4989432e-03
 -2.5657553e-03 -5.0707883e-03 -3.2071350e-03 -6.7189168e-03
 -3.5829924e-03 -6.7967041e-03  1.0939169e-03 -6.6803722e-03
 -7.8525422e-03 -6.3909744e-03 -5.2304417e-03  5.2314391e-03
  2.9962983e-03  1.9858610e-04 -2.3336799e-03 -5.7725618e-03
  4.5028891e-04  3.6002143e-04  1.2531206e-04  5.6754489e-04
  6.1043800e-04  8.0204081e-06 -6.2889722e-03 -4.5327353e-03
 -6.5272204e-03 -9.1516750e-04  1.4344857e-03  5.7961927e-03
 -1.5674504e-03 -1.8888530e-03  7.4682739e-03 -1.5376780e-05
 -1.8433385e-03  6.7719589e-03  2.0319193e-03 -4.1423016e-03]
[-5.6444169e-03 -7.5229583e-03 -2.1003596e-03 -6.4525213e-03
 -4.7527263e-03 -4.5295442e-03 -1.8107077e-03 -1.2768040e-03
 -7.0308372e-03 -5.5949477e-04  6.4289556e-03  5.9551671e-03
 -5.6398325e-03 -2.8823030e-03  2.4085988e-03 -7.5335111e-03
  1.1904010e-03  5.1444108e-03  4.4440366e-03 -6.8698744e-03
 -3.4430707e-03 -6.3207219e-03  9.6181597e-05  7.2693215e-03
  4.6659359e-03  3.9725923e-03  3.9032884e-03 -2.4957212e-03
  7.4650133e-03 -5.7965894e-03 -5.7933815e-03 -1.7187655e-03
 -5.7725009e-04 -2.5296579e-03 -4.8001696e-04  5.8425646e-03
 -4.7844759e-04 -1.3006425e-03  2.1802150e-03 -6.5257908e-03
  6.0863500e-03  6.7372182e-03 -7.5468314e-03  1.8882973e-03
  7.7301245e-03 -5.9843068e-03 -5.5110818e-03 -5.9980177e-03
  6.5684854e-03 -4.3955268e-04  7.1283579e-03 -6.3780244e-03
  2.9515480e-03  2.0790091e-03  6.0260645e-04  1.8118832e-03
 -5.8331438e-03 -7.3714536e-03  1.7827715e-03  4.8793615e-03
  6.2764501e-03  4.4848961e-03 -5.8743148e-04  6.4688460e-03
 -7.2809816e-03  2.6013700e-03  2.2177146e-04  3.0433463e-03
  5.8255908e-03 -5.2644950e-03  4.3744491e-03 -7.3872302e-03
 -6.7164149e-04 -6.8693031e-03 -3.9811218e-03  7.2239027e-03
 -1.4227529e-03  2.2909741e-03  7.0451600e-03  7.0105246e-03
 -6.4581665e-03 -2.3679964e-03  7.7684964e-03  4.0412000e-03
 -1.2361881e-03 -6.7843227e-03  2.3965058e-03 -5.2370555e-03
  6.3745980e-03 -3.4107775e-03 -8.0701994e-04  7.4411655e-04
 -1.7159636e-04  9.1643445e-04  4.8590247e-03 -1.3074468e-05
 -2.6135263e-03 -1.2979441e-03  4.6192240e-03  1.2148017e-03
 -6.3841563e-04  7.2844615e-03 -3.8114807e-03 -6.4293225e-04
  7.2007561e-03  5.2094758e-03  1.1778438e-03 -6.9217575e-03
  9.1250683e-04 -1.8090155e-03  7.3099006e-03  8.5978390e-04
  1.1867064e-03  1.9205057e-03 -1.4748559e-03 -3.8868671e-03
  2.1752354e-04 -1.4858125e-03  5.1671774e-03  7.0097130e-03
 -5.4683362e-04  2.2797100e-03 -4.7500134e-03  1.2899329e-03
 -5.3800433e-03 -6.8002208e-03 -4.6602543e-03 -6.9606043e-03]
[ 1.1227533e-03  3.8205758e-03  4.0739062e-03  7.2134398e-03
 -5.8888220e-03 -4.2931796e-03  5.0727082e-03  1.0918549e-03
 -5.1818136e-03  6.9484819e-04  2.1467190e-03 -2.0108819e-03
 -3.8850636e-03  3.8887353e-03  7.5027398e-03 -5.8024433e-03
 -7.4610682e-05 -1.9641533e-03 -4.9977293e-03 -1.1006932e-03
 -4.0423870e-03  7.0998194e-03 -4.4896244e-03  2.9087688e-03
 -1.9148937e-04  3.3065039e-03  1.6188262e-03  7.8406446e-03
  5.0405681e-04 -4.2867535e-03 -9.9650491e-04  1.6584418e-03
 -2.6115216e-03 -6.1409054e-03 -4.3866271e-03 -5.2862554e-03
  5.0092144e-03  3.0463552e-03  6.4515467e-03  5.0923298e-03
 -4.8113521e-03  2.1744047e-03  6.5766335e-03  1.2317885e-03
  2.3938247e-03  4.5304820e-03 -6.9452636e-03  7.1482407e-03
  5.3429632e-03  6.7076227e-03 -6.4223036e-03  4.8031174e-03
  5.1917639e-03 -1.0474528e-03 -4.9055507e-03  4.1605537e-03
 -5.3591197e-03 -4.2014467e-03  2.6961837e-03  6.3671134e-03
  6.8238322e-03 -3.4427100e-03 -7.1687880e-03  7.4880524e-03
  4.9176551e-03 -3.1507895e-03 -6.6066822e-03 -3.6674552e-03
 -3.0435072e-03 -2.5603906e-03  6.5581169e-04 -2.0113160e-04
 -2.4668155e-03 -4.7370624e-03  7.3533538e-03 -3.7189869e-03
 -5.6492947e-03  6.0104076e-03  1.9494275e-03  6.7708241e-03
 -3.5159411e-03 -5.4057981e-03  8.0305187e-04 -8.7417301e-04
 -7.3335110e-03 -1.2442908e-03  2.4419816e-03  5.1049679e-03
  5.3692115e-03  2.5622870e-03 -3.4563965e-03 -1.4542948e-03
 -3.1002678e-03  4.5244177e-03 -4.9034758e-03  1.6348278e-03
 -1.1083258e-03 -4.6282560e-03 -5.6591872e-03  4.5903800e-03
 -6.5804413e-03 -5.3775171e-04  2.2255480e-03  6.0478081e-03
 -5.6876056e-03  2.5435006e-03  7.6651354e-03 -5.4478501e-03
 -2.7486510e-03  3.9975592e-03  4.0978496e-03  1.2086725e-03
  6.2414478e-03  6.8559777e-04  1.4301219e-03 -1.2506219e-03
 -6.3633132e-03  2.6082790e-03  1.5436730e-03 -6.8030800e-03
 -5.4634601e-04  2.8232154e-05  7.1147697e-06  6.7865998e-03
 -1.9488363e-03 -4.6155630e-03  5.8009429e-03 -5.6506419e-03]
[ 1.3871794e-03  4.5207767e-03  3.6404920e-03 -4.6522920e-03
  7.5982478e-03 -7.6357238e-03  6.3230428e-03  2.1867035e-03
 -2.4112610e-03 -2.7723440e-03  7.1451562e-03 -4.2663435e-03
  6.3893320e-03 -4.6916115e-03  6.5540080e-03 -4.6785476e-04
  6.2295571e-03 -2.4351242e-03  4.6489355e-03  6.8609035e-03
  2.0448519e-03  1.0516208e-03  3.9723832e-03  6.2599839e-03
  6.6898353e-03  6.6388370e-03  5.4791910e-03  6.2871911e-03
  6.7172190e-03 -4.8891059e-05 -8.5786270e-04  1.3320750e-03
  2.4633609e-05  5.2469759e-04 -6.7360918e-03 -7.5033288e-03
 -1.7602000e-03  6.9653066e-03 -2.8256243e-03 -5.4642009e-03
  3.8005908e-03  8.9513679e-04  1.4151958e-03  2.8321701e-03
  2.7356967e-03  4.4939700e-03  9.1945671e-04  6.7976007e-04
  7.0924028e-03  2.2246940e-03 -3.6735313e-03  5.1121782e-03
  4.0810793e-03  2.2473652e-03 -2.4279982e-03  2.6033276e-03
  4.9641654e-03  5.5115945e-03  7.0528715e-04 -6.6214008e-03
  2.2438361e-04  2.8516617e-04  3.0775345e-03 -7.4170651e-03
  7.5940448e-03 -5.4875556e-03  4.4996194e-03 -7.3511619e-03
  7.5648376e-03  5.7117762e-03  9.9516439e-04 -2.6323970e-03
 -3.7693031e-04  2.6959932e-04 -5.0083380e-03  4.4724415e-03
  1.8815715e-03  2.9421151e-03 -5.7012741e-03  6.6790837e-03
  3.9456165e-04 -1.6699075e-04 -7.0659248e-03  3.2128547e-03
  5.2944412e-03  5.7417178e-03 -4.9554030e-03 -6.1724684e-03
 -4.3044942e-03 -4.3744995e-04 -6.5168352e-03 -6.4642597e-03
 -1.5150690e-03  8.9922978e-04 -7.3785167e-03 -2.9194737e-03
  4.5152646e-04  5.2465238e-03  1.3595344e-03 -4.8104738e-04
 -5.9001562e-03 -5.2632289e-03 -4.9091718e-04  5.8522793e-03
  4.2718593e-03 -1.1939585e-03  9.2697784e-04 -7.4915825e-03
 -1.0582175e-03 -3.6343876e-03  4.5328420e-03 -1.8672321e-03
 -3.7206672e-03 -7.3926682e-03 -9.6492615e-04 -5.6023379e-03
 -1.2926953e-03 -3.1166312e-03 -1.8494936e-03 -2.5323001e-03
 -6.3890135e-03 -9.9120091e-04  1.3440052e-03 -3.1901496e-03
 -5.9644994e-03 -2.8001710e-03 -7.0994603e-03 -5.8178778e-04]
[ 6.7237192e-03 -5.5411630e-03 -6.7885839e-03  7.4884486e-03
  6.4882170e-03 -3.8555232e-03 -5.2132541e-03  6.2582479e-03
  2.9276179e-03  6.3277069e-03 -5.7806913e-03 -7.5023230e-03
  1.1971242e-03 -7.6541528e-03 -3.8903402e-03 -2.8031515e-03
  7.5712735e-03  6.8287682e-03 -2.3257833e-03  4.4849529e-03
  6.6390629e-03 -1.7241245e-03  7.5936662e-03  5.5997344e-03
  1.5883655e-03 -2.9908805e-03 -4.0677902e-03 -2.2952876e-03
  6.1691552e-03 -4.9016932e-03 -2.4580352e-03  7.2839544e-03
  2.7619943e-03  4.7258716e-03 -6.3323961e-03 -6.2977168e-04
  4.4351141e-03 -3.7400110e-03  5.9090671e-03  7.2758514e-03
 -4.2329371e-04 -1.4602595e-03 -5.7486049e-04 -4.6190699e-03
 -6.5956037e-03 -1.1756232e-03 -2.0939785e-03  3.5104714e-03
 -5.3392574e-03  4.3884739e-03 -5.3143743e-03 -6.1295182e-03
  6.6168890e-03  7.0147738e-03 -2.6535848e-03  2.7211735e-03
 -4.5031966e-03 -6.9305156e-03 -4.4168672e-03  5.3960849e-03
  5.0787856e-03  7.3791565e-03  5.4934486e-03  5.2002487e-03
  1.0609183e-03 -7.7634268e-03  3.6124061e-03 -3.5325327e-04
  5.0253235e-03  1.4017652e-03 -2.4289354e-03  6.1853095e-03
  1.1570278e-03 -1.2534040e-04 -3.5907675e-03 -6.6693784e-03
 -5.9817932e-03  6.7976881e-03 -7.0688254e-03  7.0763207e-03
 -7.3010386e-03 -2.5094012e-04 -1.4134073e-03 -6.8812864e-03
  6.7585246e-03  5.3037484e-03  2.5059590e-03  3.6936507e-03
  8.9965455e-05  7.5060297e-03  5.5110473e-03 -7.7766604e-03
 -3.5244571e-03 -1.0125749e-03  2.5298933e-03 -3.4074455e-03
  9.9822064e-04 -6.3654799e-03  2.1746431e-03  3.7343081e-03
  3.7017015e-03 -2.4681641e-03 -6.4970143e-03 -7.1793511e-03
 -5.0662784e-04 -5.8563459e-03 -5.3418251e-03  4.8051067e-03
  5.6483615e-03  1.6089741e-03 -6.2180609e-03 -4.6160095e-03
  6.2959599e-03  3.1433641e-03 -4.1504782e-03 -5.7057012e-03
  6.4462912e-04  2.8890260e-03  1.6572423e-03  2.4291615e-03
 -4.4404278e-03 -7.8126062e-03 -5.4048207e-03  8.9864210e-05
  3.6526308e-03  3.5789807e-03  1.3608249e-03  4.0935194e-03]
[ 0.00046939  0.00078287  0.00663872 -0.00488369 -0.00140564 -0.00645698
 -0.0051993  -0.00666515  0.00306126  0.00214844  0.00443784  0.0019906
  0.00164099  0.00448715 -0.00167176  0.00244761  0.00661696  0.00033548
  0.00488842 -0.00528927  0.00519828  0.00367798  0.00400155 -0.00774277
 -0.00033389  0.00250228 -0.0045888  -0.00520847  0.00497815 -0.00535393
 -0.00411483  0.00637693 -0.00545419  0.00666653  0.00050332  0.00344367
 -0.00230994 -0.00426339 -0.00697308 -0.00047556 -0.00401681 -0.00235468
  0.00630562 -0.00600315 -0.00493909 -0.00411751 -0.0052036  -0.00688649
 -0.00085024  0.00743731  0.00627259 -0.00412335 -0.00635665 -0.00175957
 -0.00722018 -0.00395903 -0.00464496  0.00232879 -0.00594498  0.00102497
  0.00180851  0.00415324 -0.0015869  -0.00765376  0.00408629 -0.00464412
  0.00382676  0.00156259  0.00691183  0.00119466 -0.00141704  0.00510124
 -0.00554908 -0.00661076  0.00297161 -0.00204254 -0.00324394 -0.00150074
 -0.00773777  0.00021477 -0.00084391 -0.00233688  0.00198368  0.00370605
  0.00496244 -0.00618093 -0.00384784 -0.00689294 -0.00698111 -0.002867
 -0.00098705 -0.00643678 -0.00421865 -0.00167291  0.00501124  0.00123108
  0.00644656 -0.006578   -0.00357478 -0.00060798  0.00683035  0.00087478
  0.00122744  0.00100979  0.00230682 -0.00737401  0.00254295  0.00427889
  0.00414069  0.00345492 -0.00632571 -0.00321214  0.00653077 -0.00042285
 -0.00739055  0.00375346 -0.00470754  0.00527335  0.00420252 -0.00393108
  0.0019982   0.00420519 -0.00278996 -0.00120901  0.00718285  0.00709487
 -0.00737169  0.00593285]
[ 4.6402584e-03 -2.3519106e-03  2.5682494e-03  3.9738277e-03
  6.5805358e-03  4.2565074e-03  7.4524842e-03 -7.4349213e-03
 -6.2254290e-03 -5.2715973e-03 -5.7311170e-03 -6.2713944e-03
 -6.1156549e-03 -2.3084613e-03  1.0314019e-03 -2.3203110e-03
 -6.8405527e-03  3.9620735e-03  6.2330964e-04  3.5446151e-03
  5.7657128e-03  6.0052862e-03 -5.2109407e-04  2.8825863e-03
 -4.0055481e-03  1.5029091e-03  3.4651530e-03  7.7761668e-03
 -2.4909351e-03  2.1681078e-03 -4.6076728e-03 -1.6563073e-03
  6.4034737e-03 -3.0628722e-03 -9.6375740e-04 -7.2791330e-03
 -7.2994344e-03  6.8862117e-03 -4.3893564e-03  3.9479691e-03
 -5.5097444e-03 -1.8111551e-03 -6.3564498e-03  5.7856059e-03
  4.7597443e-03  4.0962016e-03  6.4790510e-03 -4.7024622e-04
 -7.2580655e-03  7.2345668e-03 -3.8863358e-03  6.1144601e-03
  4.3379911e-03 -8.0397003e-04 -5.9341830e-03 -1.1388211e-03
  4.9071400e-03 -5.5089244e-03  1.0489816e-03 -6.1078384e-03
  6.8596154e-03 -2.2322771e-03  7.3671942e-03 -4.5005456e-03
 -7.5593591e-03 -6.8126982e-03 -3.1572233e-03  3.7287355e-03
 -1.3589986e-04  7.2100647e-03  2.4504883e-03  3.0058159e-03
  2.3063195e-03  6.2494306e-03 -1.8712800e-03  5.7262941e-03
 -7.3888786e-03  2.2995872e-03 -5.9317518e-04  3.7577888e-04
  5.3041517e-03 -2.2521361e-03 -1.7917691e-03  9.3093865e-07
 -3.8170180e-04 -2.7680027e-03  4.9930774e-03 -5.1717893e-03
  6.1739157e-03  5.1022696e-05  2.0637233e-03  2.4691364e-03
 -2.6049055e-04  1.3271581e-03 -2.3342574e-03  3.6904912e-03
  7.7878503e-05 -2.7338772e-03 -6.7996373e-03 -7.7637192e-03
  1.2739051e-04 -4.4850735e-03 -8.1998768e-04 -3.2726647e-03
 -6.7029372e-03  7.3751615e-04  4.5967195e-03 -1.7031749e-03
 -5.5690692e-03  2.4196487e-03 -3.3113459e-04 -4.4328896e-03
 -8.6214696e-04 -4.3739975e-04 -2.5322270e-03 -7.7405013e-03
  5.9995847e-03  3.0406653e-03 -1.9597344e-03  5.7243574e-03
  3.0855404e-04  5.5212965e-03 -1.1577548e-03  5.7867281e-03
 -7.1145300e-06 -4.7179307e-03 -3.7556263e-03  7.5635305e-03]
[-1.8003210e-03  3.9354470e-03 -6.3610594e-03 -2.2085307e-03
 -6.3917609e-03  4.0306421e-03 -2.0081392e-03 -7.0917634e-03
  3.1752971e-03  7.0493841e-03 -2.3800647e-03 -4.5637838e-03
  2.3571637e-03 -3.5151592e-04 -7.7871555e-03  6.5782713e-03
 -5.7279966e-03 -3.8549420e-03 -2.0657349e-03 -4.2492403e-03
  1.3266094e-03  7.5889234e-03  3.5633466e-03  6.3268347e-03
 -3.6835315e-04  5.0957629e-04 -2.0796477e-03 -6.8583349e-03
  2.6811964e-03  1.6340216e-03 -7.3606111e-03 -3.8849392e-03
 -7.6054209e-03 -4.4648526e-03  3.1797041e-03  6.7552989e-03
  3.2028076e-03  1.8645269e-03  6.3617313e-03 -8.6651085e-04
 -1.0907367e-03 -6.8440363e-03 -9.8991761e-05 -1.9969449e-03
  3.0724646e-04  5.6862626e-03 -5.4972190e-03 -3.0839830e-03
 -5.2170549e-03 -2.7687182e-03 -2.5876982e-03  1.6687536e-03
  2.6134877e-03 -3.8714828e-03 -3.5566341e-03  8.8743865e-04
  4.2557875e-03  4.1982029e-03 -2.3156970e-03 -3.3345085e-03
 -4.3893792e-03 -4.2235706e-04  1.5354084e-03  1.2019841e-03
  5.7372055e-03 -2.1350987e-03 -4.7293008e-05 -4.3169311e-03
 -9.1733626e-04 -6.0240412e-03 -7.4948359e-04  1.0163009e-03
 -6.7098169e-03  6.8404460e-03 -7.1962485e-03 -7.5153601e-03
 -6.6612745e-03  5.7136645e-03  4.2686481e-03  7.2266362e-03
  2.0052085e-03  6.5949926e-04 -1.9915455e-03  7.3068575e-03
  2.1556008e-03  3.1958155e-03 -9.2608586e-04  7.1488379e-04
  5.1801130e-03 -5.7212374e-04  2.6155605e-03 -5.2742084e-04
  4.1040750e-03  2.8460706e-03  2.0134058e-03 -4.1443566e-03
 -3.6732473e-03  3.3702024e-03 -4.6069487e-03 -1.5025986e-04
 -4.8306002e-04  2.7166253e-03 -6.6043199e-03  6.8850433e-03
 -1.1331149e-03 -4.1623274e-03  3.1705762e-03 -1.5112027e-03
 -6.0675559e-03 -3.5112211e-03 -3.0181182e-04 -6.9829742e-03
  4.5204442e-04  1.9011319e-03 -2.5234651e-03  1.9978951e-03
  1.9385763e-03  7.7932919e-03  1.1149003e-03  1.5861184e-03
  2.1728377e-03 -1.6190984e-03 -6.8025640e-03  6.2794997e-03
 -1.5427753e-03 -7.5817164e-03 -5.1090666e-03 -3.0792810e-03]
[-6.8121277e-05  3.2024274e-03 -7.1040443e-03  6.0390723e-03
  4.7934055e-03  3.9721364e-03  5.6345132e-03  6.6229920e-03
  5.7219306e-04 -1.3331405e-03  4.1999077e-04 -7.2950190e-03
  6.5529873e-03 -4.9812943e-03  6.5651177e-03 -3.3327255e-03
  5.1461067e-04 -7.1375095e-03 -7.4891690e-03 -6.1277375e-03
 -5.9909150e-03  2.9928301e-04 -5.6150686e-03 -3.8618827e-03
 -4.1192658e-03 -3.3565366e-03  5.4528639e-03  3.7791519e-03
  6.7787268e-03  5.5230320e-03 -4.4797901e-03  5.6744949e-03
 -7.2376733e-03 -2.0311049e-03 -6.0663535e-03  3.2685972e-03
  1.4321349e-03  5.4921224e-03  2.3098537e-03 -5.4559079e-03
  6.0034809e-03 -4.6470137e-03  7.0026936e-03  2.2944480e-03
 -3.1441534e-03 -3.6623210e-03 -3.4650362e-03 -4.7791158e-03
  7.3301769e-03 -2.0346916e-03  6.0580405e-03 -7.5567449e-03
  1.6544017e-03 -9.5586898e-04  5.9110904e-03 -7.0700808e-03
  5.8195284e-03 -4.0024626e-03 -4.7145076e-03 -4.3906658e-03
 -2.6279329e-03 -2.6644783e-03 -2.4958521e-03 -5.8667851e-03
  5.5966579e-04 -4.6624211e-04 -1.3054636e-03  2.9524893e-03
 -5.9352899e-03 -2.5076726e-03  4.0331166e-03  6.7034559e-03
 -7.6658991e-03  5.5953139e-03  4.1472120e-03 -3.0393307e-03
  6.7113792e-03 -7.1974089e-03  5.6473515e-03  4.1937213e-03
  1.0068415e-03 -4.0705348e-03 -3.2514476e-03 -2.6039265e-03
  1.2607333e-03  1.2453281e-03  5.8062635e-03  7.7807806e-03
  6.9252071e-03 -3.1000986e-03  7.5473748e-03 -5.0193293e-04
  3.7905665e-03  1.9857083e-03 -4.5996968e-04  2.8630875e-03
 -4.1847792e-03 -4.5389170e-03 -5.9420876e-03  1.4999856e-03
  5.0674751e-03  6.9569988e-04  9.9386950e-04  2.4773676e-03
  6.3676494e-03 -6.0364339e-03  1.7614337e-03 -5.8257678e-03
  2.9022559e-03  7.4145165e-03  5.8635478e-03  4.9842270e-03
  6.2525994e-03  5.1330058e-03  5.3434707e-03  6.7864014e-03
 -3.8473951e-03  7.2344858e-03  3.9566038e-03 -1.6504624e-03
  6.6179959e-03  3.9493842e-03  7.5536887e-03  2.1818201e-03
  7.7218548e-03  9.5169991e-04  7.1150875e-03  2.8203498e-03]
[-1.30645651e-03  5.23283239e-03  7.97521137e-03 -3.29804630e-03
 -5.43535920e-04 -4.67196293e-03  3.07765161e-03  2.34630890e-03
  5.35634998e-03  4.75738337e-03  7.62322545e-03  7.16463896e-03
  6.12206338e-03 -5.43676410e-03 -7.22937472e-03 -4.08179825e-04
 -2.38471548e-03  6.26357412e-03  4.48706001e-03 -1.28837337e-03
  1.41789229e-03  1.45953184e-03  6.28734566e-03 -7.42266746e-03
 -1.84075761e-04  2.73410580e-03 -8.36658699e-04  6.68561505e-03
  7.01730046e-03  5.03608258e-03 -7.80045695e-04  6.11527264e-03
 -6.61082380e-03  2.46927957e-03 -3.68752191e-03 -4.03184490e-03
  2.96365772e-03  4.15566331e-03  6.18036836e-03 -4.52688430e-03
  5.69286570e-03  5.37525583e-03 -3.03322938e-03 -6.94044027e-03
  4.20977082e-03  5.12623321e-03 -7.11258035e-04 -5.13063977e-03
 -5.48007898e-03 -1.78375898e-03  3.94310942e-03 -2.86345300e-03
 -7.31018791e-03  3.05261998e-03  3.93471494e-03 -5.02240518e-03
  9.82858939e-04 -1.72202743e-03 -1.00941696e-04 -7.57880369e-03
  2.18289089e-03 -3.73643520e-03  8.30564240e-04 -1.30754244e-03
  1.78781780e-03 -6.26082113e-03 -2.10802024e-03  2.15783506e-03
  4.24635550e-03 -1.87810999e-03 -7.40011549e-03  3.64356861e-03
  2.19869935e-06  2.20072060e-03 -5.30648930e-03 -1.15027220e-03
  6.11452013e-03  5.75596839e-03 -2.97188573e-03  2.09603156e-03
 -6.52685342e-03  4.81648324e-03 -3.53284716e-03 -2.33790884e-03
  7.27732340e-03  6.96495466e-04  6.04764419e-03 -4.84055793e-03
  4.04905528e-03  7.90885556e-03 -6.58410043e-03 -4.10176488e-03
 -5.58495475e-03 -3.79690016e-03 -2.77560740e-03 -6.70536142e-03
  6.01017661e-03 -4.06030193e-03  6.57672947e-03  4.18374687e-03
 -5.34934830e-03  3.10854823e-03  4.41185245e-03 -5.73059870e-03
 -5.72392158e-03 -2.07078108e-03 -6.75305165e-03 -1.23481103e-03
 -2.70425953e-04  2.49889190e-03  1.07569934e-03 -8.76903534e-04
 -4.37953509e-03  1.44159724e-03 -7.50919746e-04  5.41486870e-03
  3.16417497e-03  3.76396463e-03  1.16326590e-03 -2.11482681e-03
 -3.48083465e-03 -8.90756608e-04  1.23908080e-03 -2.16087350e-03
 -5.48995612e-03 -6.07948471e-03 -7.23218499e-03 -4.59600706e-03]
[ 3.0846514e-03  3.9431350e-03  4.7959378e-03 -5.2645816e-03
  5.1704224e-04 -2.2108383e-03 -4.0262928e-03  5.4911240e-03
  3.0646021e-03 -2.4230417e-03 -6.4115003e-03 -4.0178895e-03
 -5.2644586e-04  6.1306790e-03  4.7169132e-03 -6.6156774e-03
 -7.4663260e-03  5.5832253e-03 -1.8647417e-03 -2.8919070e-03
  4.5515508e-03 -4.5403712e-03  4.0000482e-03 -1.9822668e-04
 -5.3865053e-03 -2.6641102e-04  4.9345987e-03  7.2999671e-03
  1.7053625e-03  3.9320909e-03 -3.9354414e-03 -6.2839792e-04
 -4.1303216e-03  9.1474509e-04 -1.4151945e-03 -2.8443483e-03
 -5.4311021e-03  7.5235693e-03  2.3573055e-03 -1.7889494e-03
 -3.2916819e-03  6.0773445e-03 -5.0812731e-03  2.4092062e-03
  5.9081055e-04  6.5307370e-03  5.3252010e-03 -2.2423188e-03
  2.0055536e-03 -1.2882403e-03 -7.3904698e-03 -2.0256224e-03
  1.0413257e-03  5.1051909e-03  7.8516742e-03  7.0773968e-03
 -6.2390398e-03  5.0502545e-03 -4.4783810e-03 -7.3249871e-04
  3.9136549e-04  5.1102825e-03  3.4640043e-03  3.5790987e-03
  7.4270340e-03  2.8912842e-04 -4.7117588e-03 -4.9090660e-03
  5.0088810e-03 -4.1007716e-03 -2.2075519e-03  3.2103129e-03
 -1.8065246e-03 -4.7503724e-03 -1.7988919e-03  9.2797342e-04
  1.7418083e-03  4.7271303e-03 -4.0803920e-03  2.4018483e-03
  5.6786472e-03  1.7039611e-03  4.2244298e-03 -3.7309879e-03
  4.7919150e-03 -5.9322398e-03  2.7790808e-03 -7.3051318e-03
 -2.0221518e-03 -7.0614605e-03 -1.2310885e-03 -4.1990462e-03
 -3.0879586e-03  9.0219540e-04  2.2366347e-03 -1.1990365e-03
 -6.4530717e-03 -4.6899407e-03  6.2993972e-04 -3.0709766e-03
 -7.4288580e-03 -5.9159705e-04  5.2429815e-03  4.6918592e-03
 -7.7360100e-03  2.4189409e-03 -4.6616085e-03 -7.1701612e-03
  1.4877111e-04 -3.2104735e-04 -5.4508545e-03 -4.9328101e-03
 -1.9108338e-03  5.5476287e-03 -5.8805593e-03  6.0506966e-03
 -3.5413122e-04  9.1923261e-04  7.4070226e-03  3.6709667e-03
 -2.8058123e-03  2.9169894e-03  2.7898494e-03  4.9277982e-03
  4.9201477e-05 -3.4471040e-03  1.0208929e-03 -4.2239637e-03]
[ 7.5809639e-03 -7.2732363e-03  7.1958210e-03 -7.2361492e-03
 -5.4070335e-03 -7.1436707e-03 -4.3454282e-03  5.7704090e-03
  7.1638529e-03 -2.5844229e-03  2.9194755e-03 -2.8437837e-03
  6.1649480e-03  4.5800959e-03 -2.1675283e-05 -2.8427329e-03
 -5.6325481e-03  3.7521033e-03  1.1281569e-03 -2.0528138e-03
  6.1572748e-03 -3.1541025e-03 -7.1190018e-03 -1.7595948e-03
  1.0754911e-04 -5.1916679e-03 -4.3073758e-03 -6.6444729e-03
  7.2298353e-03  5.7859090e-03 -2.5859082e-04  5.7733851e-03
  6.2143253e-03 -6.0437177e-04  5.1568677e-03  2.9433304e-03
  3.9821053e-03  5.6489324e-03 -3.6895336e-03 -1.6972655e-03
  6.7520112e-04  3.3178304e-03  2.5790543e-03  3.9622514e-03
  3.5654539e-03 -6.5897731e-03 -2.5099998e-03 -5.6591383e-03
  7.5603719e-03  3.9241859e-03  1.3185972e-04  3.1960187e-03
 -5.9864111e-03 -4.9036047e-03  2.4051990e-03  5.1038852e-03
  3.0747077e-03  4.6740226e-03 -1.5747590e-03 -2.5977930e-03
  1.8507527e-04 -2.4837577e-03 -4.3051741e-03 -6.0817553e-03
  5.1129819e-03 -8.8029646e-04 -1.4678357e-03 -6.0890778e-03
  7.3248870e-03  6.7525601e-04  1.3735614e-03  1.9679307e-03
 -5.7899612e-03  1.2605885e-03  2.3189259e-03 -6.7125564e-03
  3.8656380e-03  1.9220327e-03  5.8349203e-03  3.9563798e-03
 -2.3905775e-03 -5.5896244e-03  5.5607543e-03  1.4871354e-03
  4.0881042e-03  4.9952664e-03  1.5004135e-03 -4.7970638e-03
 -8.1713451e-06  6.4858408e-03 -4.7598616e-03  7.3535913e-03
 -5.6403205e-03  3.3116594e-03  1.7187699e-03  5.8042221e-03
 -3.8224279e-03 -3.5965180e-03 -4.7596199e-03  2.5955788e-03
 -3.5127078e-03  6.6651125e-03 -3.3513166e-03 -7.1283695e-03
 -3.7636489e-03  4.9936576e-03 -4.9857511e-03 -4.0980289e-03
 -5.6938385e-03  4.6993447e-03  2.6140441e-03  2.2029951e-03
 -2.4373217e-03  4.7290274e-03 -4.8149400e-03 -1.5390203e-03
 -4.6724393e-03 -7.5808109e-04 -1.5715134e-03  6.6277659e-03
  5.1593495e-05 -6.7086932e-03 -4.2551933e-03 -5.3762249e-03
  2.1175742e-03  7.3901745e-03 -4.5666127e-03  6.4642234e-03]
[-0.00113517 -0.00216469  0.00709897  0.00413698 -0.00172484 -0.00751026
 -0.00577412 -0.00075095 -0.0006325  -0.0019978   0.00764028 -0.00040847
  0.00456662 -0.00580137 -0.00199598 -0.00438605 -0.00555026  0.0010185
 -0.00567249 -0.00178531  0.00302934  0.00458613  0.00100578  0.00164721
 -0.0032212   0.0056394  -0.00499006  0.00367632 -0.00642301  0.00155564
 -0.00400092 -0.00326518 -0.00238897  0.00440559  0.00450907 -0.00389214
  0.00068267 -0.00667381  0.00613939  0.00722822 -0.00220768  0.00071203
  0.00053485  0.00422836 -0.00675488  0.00045687  0.00530538  0.00178953
  0.00090464 -0.00719512  0.00660915 -0.00490409 -0.00233886  0.00274268
 -0.00054974  0.00109629  0.00141155 -0.00539067 -0.00766334  0.00713129
  0.00487183 -0.00540378  0.00264807  0.00010859  0.00374062 -0.00561233
  0.00316587  0.00343941  0.00782229 -0.00348423 -0.00106537 -0.00563925
 -0.00762566 -0.00718644 -0.00078409 -0.00512578  0.00384156 -0.00481378
  0.00192209  0.00059124 -0.00266983 -0.00078944  0.00784367  0.00720571
 -0.00347459  0.0070978  -0.00431466  0.00459005 -0.00241472  0.00275838
  0.00239235  0.0053469  -0.00188977  0.00685791  0.00603653 -0.00746341
 -0.00635851 -0.00611148  0.00227563 -0.00214494 -0.00549799 -0.00633151
  0.00653913  0.00156997 -0.00724549 -0.00380965  0.00244732 -0.00366642
  0.00414373 -0.00333866  0.0020394  -0.00637686  0.00485454  0.00380805
  0.00059235  0.00239815 -0.006787    0.0017775  -0.00066786 -0.00727572
 -0.00738453 -0.00114038  0.00350339  0.00284061 -0.00503241 -0.00533592
 -0.00395888 -0.00173832]
[-3.2928700e-04  1.5572549e-04  4.2358194e-03  7.1808421e-03
 -7.3906449e-03 -5.8631389e-03  5.1155258e-03  7.2336588e-03
 -3.9529721e-03 -2.9386396e-03  5.9768851e-03 -1.2914076e-03
 -3.6018279e-03  5.1895180e-03 -3.9088982e-03 -1.5511591e-03
  2.2911341e-03  9.1952580e-04 -6.6726385e-03 -7.4742986e-03
  6.0844277e-03  4.0604728e-03  5.5266800e-03  5.8533164e-04
  4.9297675e-03 -2.6803857e-03 -9.2201302e-04  4.6422365e-03
 -5.9061004e-03 -3.1826023e-03 -6.1444282e-03 -6.2065548e-04
  7.5448728e-03 -5.7497220e-03 -1.9194181e-03 -1.5832452e-03
  6.5523302e-03 -4.7138003e-03  1.8051463e-04 -3.7376371e-03
 -7.6476349e-03  4.1634785e-03 -6.9607454e-03 -3.5918804e-03
 -1.2337993e-04 -1.7598904e-04 -6.1011114e-03  7.6352451e-03
  3.9801211e-03  7.4112345e-03 -6.4433985e-03  3.4972436e-03
 -3.2499654e-03  7.0474797e-04  6.8102833e-03 -3.4633477e-03
  3.5878990e-03 -5.4476848e-03 -2.9418766e-03  7.5231236e-03
 -1.1124447e-03  2.1240389e-04 -3.2926183e-03 -6.1082169e-03
 -1.0593424e-03  1.7791097e-03 -6.4600923e-04  4.4351243e-03
 -2.0193364e-03  1.7578731e-03  4.3144887e-03  6.7326971e-03
 -1.2488827e-03 -7.4466970e-03  3.4336792e-03  3.3563675e-04
  5.9693484e-03 -6.2206626e-04 -2.1790799e-03 -6.7731920e-03
 -6.8896968e-04  2.1746885e-03  4.3362183e-03  5.6863064e-03
 -4.4410480e-03  1.5046981e-03  4.9983109e-03 -3.8805658e-03
 -2.4207230e-03  5.5243052e-03  1.3206959e-03  2.9709487e-05
  2.6121594e-03  1.5766044e-04  7.7855573e-03  3.9125038e-03
 -7.2376519e-03 -5.8713560e-03  6.7643268e-04  5.1191184e-03
 -7.0115407e-03  2.9363809e-03  4.2572645e-03  4.5428360e-03
  5.8776471e-03 -4.9843872e-03  8.6012163e-04  4.7660484e-03
 -2.1575112e-03 -4.9311100e-03 -4.0321989e-04 -6.7906817e-03
 -4.4014873e-03  5.6829536e-03  2.5607150e-03  5.7875365e-03
  5.3906986e-03  6.2091723e-03 -2.8954209e-03 -4.6771657e-04
  1.7250765e-03 -3.6367106e-03  6.6751167e-03 -7.8636603e-03
  5.3556189e-03  2.3464118e-03 -4.0243343e-03  3.5142312e-03]
[ 4.77917260e-03  1.59418769e-03  6.31835358e-03 -7.26069510e-03
  1.87399972e-03 -1.12754246e-03  1.68217556e-03 -1.75525827e-04
 -5.18672215e-03  7.07002636e-03 -2.22162716e-03  1.49970816e-03
 -5.03318384e-03  2.89437920e-03  7.81384390e-03 -9.31866525e-04
  5.14250342e-03 -9.95774826e-05  6.20171940e-03  7.53947813e-03
 -3.16110934e-04 -1.32785656e-03 -7.44259031e-03  7.71605130e-03
 -1.97584508e-03  1.71119720e-03 -1.32097618e-03  6.50325185e-03
  6.52055582e-03  1.20161439e-03  2.25893827e-03  5.02333837e-03
  1.75934914e-03  5.03339712e-03  1.13838236e-04 -1.78308494e-03
  4.14317288e-03 -2.66433624e-03 -2.04354106e-03  6.86511397e-03
 -7.14639993e-03 -2.67423782e-03 -2.28613941e-03  4.43002768e-03
  6.21352671e-03 -5.04486496e-03  4.52958187e-03 -1.72836953e-04
 -7.05807470e-03 -1.90472207e-03 -1.23764214e-03 -3.50002688e-03
 -6.15199679e-04 -4.08966746e-03  4.63821692e-03  7.26577686e-03
 -1.24060339e-03  2.64016795e-03 -5.80621767e-04 -5.48110576e-04
 -5.47867501e-03  1.13993511e-03  3.05284606e-03  5.39969280e-03
  5.10289008e-03  2.76671234e-03  3.64186335e-03 -5.80556318e-03
 -1.08915754e-03 -4.51645395e-03  5.31610474e-03  6.10914361e-03
 -3.33084189e-03  9.08685382e-04  3.98858311e-03  1.41665339e-03
  6.07639318e-04 -5.26466314e-03  7.68474210e-03 -5.66948857e-03
 -4.71430272e-03 -4.42872429e-03 -4.96683409e-03 -2.72795884e-03
 -7.34356232e-03  9.20922088e-04 -2.92967306e-03 -1.99232996e-03
  4.52265842e-03  2.77192472e-03  1.41883362e-03 -1.07018568e-03
  7.72145530e-03  2.22316929e-04  3.91162978e-03  7.06521561e-03
 -7.62197655e-03 -7.14488048e-03  7.75499037e-03  2.13342393e-03
 -1.46855041e-03  3.68746184e-03 -3.37734236e-03 -5.00081526e-03
 -6.45173807e-03  5.63370297e-03 -1.91259128e-03 -5.89112518e-03
 -4.62162727e-03  4.82638832e-03 -1.93572976e-03 -4.79281321e-03
 -1.26563816e-03 -1.15078955e-03 -2.54512671e-03 -1.64013577e-03
  3.20652290e-03  1.12326909e-03 -2.72862799e-03  2.11063446e-03
  4.08444088e-03 -7.18116807e-03 -5.90811390e-03  4.92034899e-03
 -6.98308693e-03  4.08032618e-04 -7.02017779e-03  6.53878972e-03]
[-3.34982527e-03 -5.18281339e-03 -1.07914698e-03 -8.69083451e-04
  5.87616581e-03  7.10139191e-03 -2.75161379e-04  2.11218907e-03
  3.70086939e-03  1.20971315e-04 -4.49572876e-03 -4.62673110e-04
  1.70023181e-03  6.48904731e-03 -2.80959881e-03 -7.69766793e-03
  4.21776436e-03  7.67194713e-03 -5.52085228e-03 -4.63072647e-04
 -3.94540885e-03  5.02842339e-03  7.54768308e-03 -2.62667774e-04
  4.01831558e-03  5.09958528e-03  3.42711690e-03 -6.27598725e-03
  2.42980616e-03 -1.17201777e-03 -1.70236710e-03  4.23031440e-03
 -1.01868634e-03  7.75106344e-03 -5.00646478e-04  2.12609026e-04
 -1.77524437e-03 -6.66039577e-03 -7.65801966e-03  3.87519784e-03
 -5.17678028e-03  2.32038018e-03  2.16577179e-03 -5.49042923e-03
 -2.45474768e-03 -4.54355078e-03 -6.70493813e-03  2.84599446e-05
  7.65220309e-03 -5.19417459e-03 -3.40891257e-03  6.50865817e-03
  7.26599712e-03  7.66708748e-03 -7.72327930e-03  3.94808734e-03
 -5.19214477e-03  5.36351930e-03  4.79219016e-03 -2.61537591e-03
  5.38715394e-03 -6.14235783e-03  3.54373315e-03  3.58357513e-03
  4.62895166e-03  4.58898954e-03 -2.07157875e-03  3.04990564e-03
 -4.77807969e-03 -5.04883658e-03  2.14747293e-03 -7.38717709e-03
 -2.36812732e-04  8.36971158e-04  6.26472384e-03 -5.48705598e-03
 -1.81521883e-03 -3.20580276e-03 -4.08678595e-03 -3.61144572e-04
  3.59893986e-03 -3.90099594e-03 -1.28090743e-03  6.77453587e-03
 -1.01858797e-03 -2.78298464e-03  5.81489224e-03  9.48955945e-04
 -2.62016052e-04  7.40388315e-03  6.34374795e-03  2.66482285e-03
  2.61823880e-03 -1.78308075e-03  6.33702241e-03  3.96144250e-03
 -4.24718903e-03 -4.81256330e-03 -4.72791871e-04 -6.18187431e-03
  2.62517086e-03 -7.19935726e-03 -1.20349426e-03  2.61991518e-03
  2.38777325e-03  2.45942432e-03 -7.07600359e-03  2.67273840e-03
  4.18231077e-03  2.70537753e-03  6.08349172e-03  1.29634910e-03
  4.90847835e-03  6.91012945e-03 -7.38952076e-04 -6.27081783e-04
  1.73345278e-03 -5.87341003e-03  4.39677574e-03 -3.90100433e-03
 -2.55409791e-03 -1.43942551e-03  6.41513243e-03  1.75367692e-03
 -7.00496603e-04 -2.21077586e-03 -1.65082945e-03 -9.99818090e-04]
[-3.9784866e-03 -3.2207996e-03  1.4639941e-04  3.5508999e-03
  1.4004824e-03  5.3877570e-03  4.9675553e-04 -2.5191093e-03
 -5.7561779e-03  4.6960213e-03  5.4515572e-03 -4.7276416e-03
  3.6654081e-03  7.4245920e-03 -4.9831853e-03 -2.2447465e-03
 -7.1013141e-03  2.5210653e-03 -2.6825366e-03  1.5978044e-03
  7.3704976e-03 -6.5320842e-03 -7.2781532e-03  1.3348426e-03
 -6.2784445e-03 -7.0816102e-03 -7.3074726e-03 -2.2446745e-04
 -8.6280337e-04  5.8296591e-04 -1.0484692e-03  7.0583215e-03
  6.8594865e-03 -4.9608508e-03  6.7985235e-03 -7.0441170e-03
 -1.0468017e-03  1.9855788e-03 -8.6408443e-05 -2.9732711e-03
  3.6743880e-04  7.8908505e-04 -7.3487926e-03 -3.8214945e-03
 -6.0234084e-03  2.9775144e-03 -6.9169473e-04 -5.8509675e-03
  4.4054040e-03  1.8132180e-04  2.1111518e-03  4.2432770e-03
 -3.3094902e-03  6.1285724e-03 -6.1330465e-03 -2.6914482e-03
 -5.7593826e-03  7.6775328e-04 -5.7735285e-03  7.0790057e-03
  4.3175886e-03 -5.6485636e-03  4.8240558e-03  5.1570898e-03
 -5.7886350e-03  3.6441723e-03 -6.0325149e-03  7.2788997e-03
  3.6632339e-03 -1.8363316e-04 -6.9887126e-03 -7.0704910e-04
 -2.1454213e-04  7.0296857e-04  6.7685572e-03 -2.1700591e-03
 -6.7762821e-03 -6.9059674e-03 -8.2938251e-04  1.0696807e-03
  6.9158021e-05 -1.7171360e-03  6.6795633e-03  8.6666281e-05
  5.0168405e-03  3.1114293e-03 -5.6288424e-03 -1.6641896e-03
 -6.0784030e-03 -5.2874568e-03 -2.4680106e-03  5.1645241e-03
 -6.5243221e-04  6.9423635e-03 -1.7885986e-03 -4.1429759e-03
  3.0555055e-03  1.7318468e-03 -2.1379764e-04 -1.9182194e-03
 -4.6942607e-03  3.1536282e-03 -5.9398366e-03 -6.9536092e-03
 -7.1547390e-03  6.5557305e-03  3.1226950e-03  5.5376696e-03
  7.7272165e-03 -5.6474339e-03  3.1439597e-03  2.2098261e-03
  4.8082387e-03 -2.6513706e-03  7.2894003e-03 -4.5232181e-03
  5.4928116e-03  5.4241964e-03 -3.0646080e-04  3.9500766e-03
  5.1916395e-03  1.2102133e-03  5.7563423e-03  1.8828713e-03
 -1.1886337e-03  5.7737241e-03  3.6649802e-03 -2.4813532e-03]
[ 1.2796194e-03 -1.0304014e-04  3.8827863e-03 -4.2398958e-03
 -3.2750228e-03 -7.2825071e-04  2.9918165e-03 -5.1459302e-03
  6.1317207e-03 -2.4163735e-03  4.4911848e-03  2.2491808e-03
  5.3310450e-03 -3.4839937e-03 -2.4993403e-03  2.3933493e-03
 -2.1739048e-03  4.6368162e-03 -4.6458645e-03  2.0203656e-03
 -5.7440583e-04 -4.8161892e-04  1.9775364e-03 -1.7165337e-03
 -3.3264840e-03 -6.6813617e-03  1.9496683e-03  4.1631353e-03
 -4.5848154e-03  7.1240463e-03  3.1594716e-03 -4.0487228e-03
 -1.0310344e-03  3.0632212e-03 -5.4690894e-03  1.6075555e-03
  4.2981617e-03  4.8929509e-03  4.2361515e-03  2.8495626e-03
 -2.1445279e-03 -4.7481167e-03  6.3758427e-03 -5.7047061e-03
 -1.2552518e-03 -2.5488380e-03  5.0713555e-03 -4.9108989e-03
  2.6569036e-03  1.5960727e-03 -3.1829597e-03 -6.4356895e-03
 -6.2879268e-03  2.7335049e-03 -7.4654138e-03  4.4547701e-03
 -2.2728504e-03 -7.1575143e-03 -4.0063248e-03  6.0425634e-03
 -1.3518987e-03  4.9996260e-03 -7.2537139e-03 -7.1488484e-03
 -4.0659378e-03  7.5229572e-04 -5.6109685e-03 -7.3810751e-03
 -6.9497656e-03 -3.6349020e-04  5.7926434e-03 -6.5521980e-03
 -4.1644732e-03  1.1883912e-03  2.5954114e-03 -6.6036624e-03
  6.1540455e-03 -6.4237402e-03  3.7069281e-03  7.3509747e-03
  4.4283667e-03  4.8247119e-03  6.4327018e-03  2.7018331e-03
 -5.5834609e-03  4.4852630e-03 -6.4958837e-03 -4.4768304e-03
  4.6163755e-03 -6.2014004e-03 -4.5958357e-03 -2.7758605e-03
  2.6543308e-03  4.0764082e-03  1.5992798e-03  3.9945710e-03
 -2.0477811e-03  3.4086963e-03 -5.5061798e-03 -1.2986102e-03
 -6.0539590e-03  1.4112517e-04  3.6751847e-03  3.7551783e-03
 -3.6368149e-03  1.3741268e-03  6.1043999e-03 -4.3591624e-03
 -2.9655176e-03 -4.6723831e-04 -3.6826818e-03  6.8041300e-03
  5.8839186e-03  7.2019934e-03  7.3191817e-03 -6.5966076e-03
 -3.7345180e-04 -5.9479750e-03 -3.7587017e-03 -6.9078589e-03
  2.6727277e-03  9.0078160e-05 -5.3997678e-03  6.2213652e-03
  7.4030162e-04  2.2968452e-04 -2.7840280e-03 -2.6224423e-03]
[-2.05923198e-03  5.94933564e-03  1.88355998e-03 -4.03970666e-03
  3.69683071e-03  7.61607080e-04 -2.13135942e-03  6.02902984e-03
 -3.08319856e-03  5.81128150e-03 -3.27979773e-03 -5.75182214e-03
 -3.51587264e-03 -3.04249185e-03 -5.52531215e-04 -1.45216193e-03
  3.99737805e-03  4.26606694e-03 -1.36794930e-03  2.91305711e-03
 -1.57083757e-03  5.77108585e-04 -1.06204371e-03 -1.92477577e-03
 -3.68799199e-03 -3.32922931e-03  8.89973307e-05  1.29608763e-03
 -7.37986946e-03  4.74477001e-03 -1.32534583e-03 -2.31327047e-03
 -3.73934326e-03 -3.36907106e-03 -3.75358318e-03 -7.66323321e-03
 -5.96610247e-04 -6.09142613e-03 -3.75311589e-03 -5.75421657e-03
  7.75909843e-03 -1.04960718e-03 -6.06129179e-03  4.30008024e-03
 -6.31201081e-03 -1.49277016e-03  2.13213731e-03 -5.52856596e-03
 -6.81889849e-03 -5.18116681e-03  5.83350565e-03  7.07711698e-03
  3.11900186e-03  1.87944400e-03  3.23567004e-03 -3.17707169e-03
  7.62253860e-03  5.37600368e-03  3.20807379e-03  7.00170593e-03
 -6.54634973e-03  7.25297490e-04  6.94433786e-03 -7.34020025e-04
 -5.25842607e-03 -1.78177201e-03 -2.17675511e-03 -1.94792554e-03
 -1.44142378e-03  5.68816671e-03 -2.34515683e-04  3.31962854e-03
 -2.93497858e-03  6.42034039e-03 -5.07497648e-03 -7.30799511e-03
 -3.23080155e-03 -5.75517537e-03 -3.81819112e-03  3.89846304e-04
  1.86401093e-03  1.35260460e-03  3.91312502e-03 -1.08301081e-03
  1.78640103e-03  2.78465799e-04  6.14034524e-03  6.26520021e-03
 -1.54124759e-03  9.96392337e-04 -4.71369689e-03 -3.71968490e-03
 -5.45362243e-03 -2.02425031e-06 -3.82992113e-03 -3.16472189e-03
  1.16269581e-03  2.01498973e-03 -7.12967617e-03  1.36654254e-03
  3.99970543e-03  3.24943615e-03 -2.26277113e-03  7.40602426e-03
  7.38327159e-03 -2.90456883e-05  6.65491680e-04 -7.22687831e-03
 -3.74369370e-03 -8.00122798e-05  3.15523194e-03  1.18218515e-04
 -6.80948142e-03  4.54459107e-03 -5.79751655e-03  6.68749772e-03
  4.30470007e-03 -5.27957594e-03  2.22086837e-03  6.02728175e-03
 -4.77716699e-03 -5.11957798e-03  7.19025172e-03  1.41255499e-03
  7.58555671e-03 -7.73274479e-03 -1.17743027e-03  5.39531419e-03]
[-1.1446964e-03 -1.3736021e-03 -5.5354084e-03 -4.4278386e-03
 -5.0954386e-03  6.9678701e-03 -1.2400908e-03 -6.4677964e-03
  6.2610353e-03 -2.3080474e-03 -1.0379088e-03 -5.2717002e-04
  2.2112441e-03 -3.6829712e-03 -2.0099492e-04 -2.2218442e-03
  6.8569388e-03  5.3740810e-03  8.6151308e-04 -4.7345138e-03
  2.4488433e-03  8.8309997e-04 -4.7857678e-03 -4.4940459e-03
 -2.4201826e-03  1.8631129e-03 -6.3407184e-03 -3.8966767e-03
  6.3290149e-03 -2.8867410e-03  6.2137451e-03  4.1701450e-04
 -4.3217400e-03 -3.8760134e-03 -1.6593368e-04  3.5932178e-03
 -4.7516325e-03 -4.3022251e-03 -5.3208051e-03  5.2710734e-03
 -1.8791193e-03  3.1378081e-03 -1.2742744e-03 -5.7942807e-03
 -9.8619959e-04  3.1529492e-04  2.8028749e-03 -6.7800474e-03
 -5.3165420e-03 -5.1201237e-03  2.3353193e-03 -2.9213557e-03
  7.9514203e-04  3.2497686e-03  3.5338223e-03  1.8496990e-03
 -2.2456853e-03  5.0083693e-04 -4.2123450e-03 -4.9605104e-03
  6.8063973e-03 -3.1634932e-03 -7.2748102e-03  2.9178103e-03
  6.6060531e-03 -1.3971020e-04  1.7717771e-03 -2.7718169e-03
 -3.2773584e-03 -6.7386576e-03 -6.1349059e-03 -7.0971674e-03
 -4.6647149e-03  6.6288929e-03  7.3759607e-03 -1.3149264e-03
  1.3220829e-05  6.1299503e-03  9.8843325e-04 -4.0184320e-03
  2.0499767e-03  1.4107621e-03 -2.9112785e-03 -3.8187839e-03
  7.5344015e-03  5.9753517e-03 -6.6950056e-03 -4.3185414e-03
  1.1137761e-03  7.1106851e-04 -6.5246271e-03  7.2833137e-03
 -4.1988948e-03  3.5983841e-03  7.2113308e-03  8.5788430e-04
  3.2935033e-03 -2.1243889e-03 -7.5586978e-03  4.7009721e-04
 -8.5341482e-04 -7.7476879e-03  5.4728566e-03 -5.7718945e-03
  4.0005771e-03 -3.4480172e-03 -7.1821436e-03 -7.0834397e-03
  4.8676464e-03 -4.0907986e-03  4.0994403e-03 -1.2292550e-03
  7.5793946e-03  5.5946503e-03  7.7284016e-03  6.5479684e-03
 -6.1389529e-03 -7.4914321e-03 -4.3514138e-03 -6.2392768e-04
  3.9125662e-03  2.8648141e-03 -1.5860281e-03  3.9448980e-03
 -2.6564896e-03 -5.3259875e-03  3.6817419e-03 -7.6993215e-03]
[-6.7185317e-03  4.5322482e-03 -3.4081351e-04  7.8036147e-03
 -4.1709058e-03 -3.9441598e-04  6.0603097e-03 -3.1713778e-03
 -3.9265747e-03  1.2545399e-03  2.0745143e-03 -2.0102640e-03
  5.0350581e-03 -5.9876554e-03  2.6496160e-03  3.8121874e-04
  6.8326658e-03  4.6827327e-03  5.3226999e-03  6.1161737e-03
 -7.4053127e-03  7.4742050e-03 -6.0613202e-03 -2.0595004e-03
 -3.8276445e-03 -3.8843849e-03 -6.2787631e-03 -6.0801706e-03
 -3.5488221e-03 -1.0102114e-03 -4.0028333e-03  4.7988659e-03
 -7.4209012e-03 -4.1423454e-03  7.3648393e-03  5.4637925e-03
  6.0015940e-03  3.2953024e-03  4.0242178e-04 -4.6607465e-03
  4.7040377e-03  2.0613659e-03  6.0136551e-03  4.9881819e-03
  6.1949180e-03  6.7654871e-03 -7.7405102e-03 -5.2746446e-03
  1.0447308e-03  5.0420528e-03  5.7621836e-03  4.3068989e-03
  5.9962068e-03 -4.0026866e-03  5.1412648e-03 -3.2078850e-03
 -7.0774523e-03  7.1231225e-03  1.0368314e-03 -2.1439062e-03
 -1.9198931e-03 -3.2915426e-03  3.7651535e-03  3.4475352e-03
 -2.0755432e-03 -5.7502929e-03 -2.7749077e-03 -2.5411620e-04
  4.7700857e-03 -2.2158374e-03 -9.3780793e-05  6.9404684e-04
 -5.5443733e-03  1.6043771e-03 -1.1211605e-03  2.1784077e-03
  3.7723193e-03 -1.0509992e-03 -2.1813079e-03  6.0590589e-03
  3.9340411e-03  5.2411086e-03  3.5252823e-03  6.7743780e-03
  5.8511435e-03 -8.4011501e-04  6.8432386e-03  3.5944504e-03
  4.2575691e-03 -1.0702753e-03 -1.5862735e-03 -3.4686583e-03
 -6.6574714e-03  2.3758446e-03  6.9481544e-03  6.9681918e-03
 -1.5203546e-03  4.7350046e-03  2.9536665e-03 -3.3499028e-03
  1.6023358e-03 -4.2471513e-03  6.4116488e-03  4.2318641e-03
  2.4894876e-03  3.1983480e-03  6.7642145e-03  5.6909197e-03
 -6.4089056e-04 -5.5256891e-03  6.5419092e-03  5.6477892e-03
  1.3609162e-03 -1.0532299e-03 -4.6071759e-03 -3.5463527e-03
  6.7600128e-03 -2.4389781e-03 -4.9483171e-03  7.7131069e-03
  6.0019474e-03  7.1218181e-03  8.7440724e-04 -6.5010251e-03
  6.5863468e-03 -2.8862529e-03  4.4818847e-03  3.4359589e-03]
[-1.0386538e-03 -4.7364300e-03  2.3590599e-03 -3.3492490e-04
  3.6645932e-03 -1.8220156e-03 -3.2127032e-03  1.8033587e-03
  6.5091834e-03 -3.8977643e-03  2.1083774e-03 -6.2566279e-03
 -5.3065345e-03 -3.6752605e-04 -6.8472722e-03  2.1565713e-03
  1.2623215e-03 -1.7896281e-03  3.8914077e-03  7.6058432e-03
  6.6390578e-03 -1.4430698e-03  1.6379349e-03 -3.1096058e-03
 -6.4342595e-03  4.9072965e-03 -1.5362742e-03 -4.9904082e-04
 -1.3760293e-03 -3.5599973e-03  3.1278029e-03 -3.3237385e-03
 -7.4684075e-03  6.9769956e-03  3.2325736e-03  7.2029373e-03
  5.2252091e-03  2.2793738e-03  7.6858099e-03 -3.4560708e-03
 -5.3259819e-03  3.3281248e-03  2.8980821e-03 -4.4362280e-03
  7.5828494e-03 -2.7687519e-03  7.4360804e-03  6.6628936e-04
 -4.9405131e-03 -1.5130801e-03 -5.7772896e-03 -2.3288557e-03
  8.3352602e-04  7.4166278e-03  7.3266476e-03 -5.1437123e-03
  2.7146668e-03  1.7544561e-03 -1.9597572e-03 -7.1873297e-03
  8.2681916e-04 -6.3813799e-03  4.9384083e-03 -4.5268750e-03
  4.3352018e-03  7.6502119e-03 -1.2205893e-04  3.5476242e-03
 -1.4001190e-03  5.7429154e-03  3.0957344e-03 -7.0124022e-03
 -1.8877492e-03  2.8079981e-03 -8.5146610e-05 -9.4926468e-04
 -8.2137651e-04 -1.2937566e-03  4.6103072e-04  3.2784462e-03
 -3.3261606e-03 -3.0037321e-03 -3.5824010e-05  2.3845673e-04
 -1.2919330e-04 -3.7306601e-03  3.4100292e-03 -1.7117986e-03
  1.6639748e-03  5.5604108e-04  4.6670698e-03 -5.3639477e-03
 -5.3347214e-03 -3.4951684e-03  7.4048848e-03 -1.2404061e-03
 -7.4020620e-03 -4.7186809e-04 -3.4750060e-03  4.6991818e-03
 -7.5145308e-03  2.2380687e-03 -7.2082789e-03  9.8545558e-04
  4.6865409e-03  5.7610632e-03 -5.9448364e-03 -4.7252658e-03
 -5.3404523e-03 -6.1970726e-03 -7.4207135e-03 -1.6893289e-03
 -6.5438892e-04 -5.6486996e-03  5.2838814e-03  8.7806920e-04
  4.5662033e-03  1.1903131e-03  6.2505860e-04 -5.7489690e-03
 -1.7176265e-03  3.3612675e-03 -3.9699208e-03  8.7548635e-04
  2.2550132e-03 -1.2110893e-03  7.7362456e-03  6.5309461e-03]
[ 5.1736794e-03 -8.9497527e-04  6.0380418e-03  1.5502035e-03
 -3.0186281e-03  6.3103442e-03  2.3100798e-03 -3.0491021e-03
 -4.3692575e-03 -2.4080065e-03 -3.9693820e-03  2.6636561e-03
 -7.2434549e-03 -4.5314766e-03  2.5779782e-03  1.2357917e-04
  4.6868436e-03 -2.7795711e-03 -4.2465763e-05  1.9115047e-03
  4.3379604e-03  1.2724936e-03  7.7166250e-03  2.8954551e-03
 -5.6188437e-03 -1.1010274e-03 -6.5719280e-03 -4.1327635e-03
 -1.7193782e-03 -7.5949202e-03  7.2030239e-03  1.6164223e-03
 -8.9483330e-04 -4.2992779e-03 -6.6584977e-03 -7.7476124e-03
  7.0308130e-03 -1.9629868e-03  3.6138895e-03 -3.5376172e-03
  7.7472520e-03  2.9110464e-03  7.6738640e-04 -3.1913137e-03
  9.2685572e-04 -2.0512645e-03  5.7157697e-03  3.5176445e-03
  7.8407681e-04  2.7540794e-03  2.8834548e-03 -5.3017712e-03
  6.9630123e-03  1.3776955e-03 -4.4796970e-03  6.7603406e-03
 -1.0036480e-03  6.3733612e-03 -1.2179755e-03  5.4904413e-03
  2.1476289e-03 -3.4127575e-03 -2.9285131e-03  7.1568368e-03
  1.2735940e-03 -4.7175358e-03  2.7378320e-04 -1.5161588e-03
  1.2702593e-03 -6.0380022e-03  5.7618846e-03  1.0645447e-03
  6.1230357e-03  3.4271877e-03 -3.4273621e-03  2.9037537e-03
 -4.5677309e-04 -7.6916129e-03  6.4027691e-03  7.5416607e-03
  7.5266804e-03 -2.9624901e-03 -6.5692402e-03  3.7974843e-03
 -5.9655034e-03  6.6731875e-03  2.2039216e-03  4.3458883e-03
  4.7705350e-03  4.0662746e-04 -1.6327088e-03  5.7972566e-04
  7.6569607e-03 -5.5621592e-03 -1.1575429e-03 -1.8532146e-03
  3.7471582e-03  4.9638972e-03 -3.2217111e-03  2.8565666e-03
 -3.5635524e-03  2.5616179e-03  6.4223148e-03  2.8410533e-03
 -3.5666712e-03 -2.3839066e-03  6.1241104e-03  7.5104586e-03
  4.5589916e-03 -2.5775535e-03 -1.4439673e-03 -4.9394481e-03
 -3.3584200e-03  2.6670771e-03 -5.0813681e-03 -5.1253559e-03
  6.3546393e-03  7.4818037e-03  6.3694646e-03  1.1783467e-03
 -6.8881223e-03 -5.9601851e-03  1.2580154e-03 -7.4752052e-03
 -5.7716081e-03  1.5886825e-03 -2.3152472e-03 -7.1388301e-03]
[ 1.3000015e-05  2.6829209e-04 -7.6976945e-03  7.7748816e-03
 -1.5744574e-03 -3.8352911e-03  2.1585231e-03  8.1769942e-04
 -4.6346211e-03  4.5285970e-03 -1.9427581e-03 -4.8322203e-03
  5.6575201e-03  5.0526741e-03  6.8833525e-03  9.0686459e-04
  4.0388439e-04 -6.1810003e-03  3.6229820e-03  7.3148962e-03
 -5.1247934e-04 -1.3665318e-03 -2.9705791e-03 -3.8865648e-04
 -5.9526092e-03  4.4321683e-03  1.1513659e-03  7.2634239e-03
 -5.0244555e-03 -3.9791479e-03 -4.8846635e-03 -5.6801760e-03
  2.1597231e-03  3.8202365e-03  1.0437687e-03  2.7686411e-03
 -7.3122405e-03 -8.3469774e-04 -6.0386723e-03  2.3020192e-03
 -2.1029192e-03  6.9524283e-03 -2.6813664e-03  5.3325784e-03
  3.2118789e-03  1.0759057e-03 -4.1931944e-05  6.3873059e-03
  1.8526175e-03  6.4648078e-03  2.5998347e-03  4.2426353e-03
  3.9840890e-03 -5.9601669e-03 -4.5070713e-03  9.6421951e-04
  1.5282849e-04  1.6687635e-03  8.2662964e-04  5.9335288e-03
 -3.4493471e-03  2.4973144e-04  5.4678763e-03  1.7517222e-03
  3.3200851e-03  3.3527112e-03 -9.9060195e-04 -6.4984439e-03
  2.3824605e-03 -6.9316849e-03 -2.0743716e-03 -7.3241182e-03
 -3.7010037e-04 -6.1505381e-03  5.7938420e-03 -3.8296592e-03
  7.7612046e-03 -7.0552025e-03 -3.3750255e-03  1.5167267e-03
 -2.3392227e-03  1.1351424e-03 -2.8689799e-03 -6.8631093e-04
 -4.4694059e-03 -7.6645878e-03  4.9698725e-03  2.9114741e-04
  5.0901291e-03 -5.8255033e-03  2.8614262e-03 -7.7413050e-03
  5.9357588e-03  4.6296776e-03 -4.7609815e-03  6.4226030e-03
 -4.3766107e-03 -6.6980124e-03  1.1689048e-03  2.4930413e-03
 -6.3416851e-03 -6.9738911e-03  7.1807448e-03  1.2858361e-03
  6.8414735e-04  1.9329097e-03 -2.7378539e-03  1.3626162e-03
  1.5290376e-03  7.6520694e-03 -4.3839584e-03  1.7717305e-03
  4.9244622e-03 -5.2085528e-03 -6.9799842e-03  6.7666424e-03
  5.3523700e-03 -3.1264063e-03  4.4811722e-03  6.1627774e-04
 -3.9165313e-03 -1.0571692e-03 -3.8240927e-03  4.7783805e-03
  1.5423936e-03 -6.4948942e-03 -1.1950135e-04 -2.0595843e-03]
